235.60,17464,-912,-1004,171,-68,-68
235.52,17836,-1056,-1020,-25,-64,-64
235.60,17176,-1264,-1696,-261,607,607
235.60,17504,-316,-876,1815,-212,-212
235.52,17468,-388,-832,-166,-187,-187
234.75,18180,-1456,-496,-913,885,885
235.01,17892,-1712,-1132,-1617,425,425
235.35,17488,-400,-680,-1475,44,44
235.60,17512,-1448,-1572,31,-384,-384
235.52,17440,-416,-1140,-385,69,69
235.86,17504,-560,-1000,-176,-224,-224
235.60,17468,-748,-692,-161,-104,-104
235.43,16260,1448,2156,-14103,-633,-633
235.69,16440,-992,-724,-8293,1404,1404
235.43,19372,-1112,616,-3456,-349,-349
235.01,17344,-2304,-368,789,-410,-410
235.60,17432,-464,-1268,168,-105,-105
235.01,16952,-996,180,-335,-57,-57
235.43,17600,-592,-872,57,196,196
235.60,17652,-580,-648,-192,-538,-538
235.01,17332,-1360,-584,-264,-34,-34
235.60,17528,-660,-820,-428,12,12
235.60,17236,-1492,-420,-1007,569,569
235.35,17528,-600,-872,-87,94,94
235.43,17392,-1052,-524,251,25,25
234.92,12624,8684,11032,-8834,-250,-250
235.52,17908,-1580,-3764,-1811,132,132
235.77,17988,-712,-344,238,-665,-665
235.86,17676,-888,-1332,138,424,424
234.83,17464,-1328,-516,-258,-406,-406
235.69,18192,-1176,-1048,-255,52,52
235.86,17964,-1216,-1540,2125,-664,-664
235.60,17384,-3252,-2000,1037,-1147,-1147
235.69,17304,-1736,92,2772,636,636
235.69,17244,48,-1016,-677,-3730,-3730
235.52,17200,-1476,-3132,-18057,4337,4337
235.69,17812,-1544,-712,-9145,-821,-821
235.77,17876,-1836,-3928,-351,-1233,-1233
236.03,17664,-1736,-1828,897,841,841
235.01,17764,128,-3272,1327,-1429,-1429
235.69,17700,300,-1536,4358,-708,-708
235.69,18648,752,-552,-1745,1738,1738
235.52,15420,-2052,872,-5431,-661,-661
235.52,16876,-4108,-1508,-1948,-1809,-1809
235.60,19456,-1608,-2768,-1296,-1852,-1852
236.03,19440,2124,1680,-3239,-2516,-2516
236.03,13932,-24,1252,-4483,1591,1591
235.86,16812,1992,996,-2445,2101,2101
235.77,17444,2196,5936,916,1865,1865
235.43,15116,1336,4452,373,-2209,-2209
235.52,17484,756,364,2626,-2177,-2177
235.94,17772,1892,144,1665,-2361,-2361
236.03,15712,1812,-196,2240,1035,1035
236.03,19108,3408,24,5784,-1509,-1509
235.43,14964,1596,1980,-54,192,192
235.77,20548,112,1332,-11565,-1550,-1550
235.35,15548,-4816,-368,-2883,82,82
235.69,16588,-92,816,-131,948,948
235.94,17748,-1424,-1504,-7018,-2343,-2343
235.77,16332,-584,-672,-8976,1123,1123
235.86,17228,812,228,-1735,1335,1335
235.35,17396,408,128,74,1815,1815
235.77,17148,600,-900,-13,316,316
235.77,17224,548,520,-1705,-339,-339
235.86,17668,1092,-108,-1775,-1126,-1126
235.60,18068,944,-2036,1250,857,857
232.28,17512,436,-272,4448,1896,1896
235.01,17340,-560,1524,5354,4,4
236.20,16948,-4,672,6398,94,94
236.03,16928,-2744,368,7495,938,938
235.35,17788,-1828,2144,4943,-2366,-2366
235.86,16464,-1076,1288,2443,-894,-894
235.77,19052,-1524,808,-3046,-2574,-2574
236.11,15564,-1552,488,-4739,1402,1402
235.69,17100,-1928,728,-3839,-576,-576
235.77,17024,-1736,2388,-5354,368,368
235.69,17904,-1184,2240,-9054,785,785
236.03,14672,-1720,2880,-10101,4186,4186
236.45,19924,332,2464,-8104,-1787,-1787
235.86,15352,-1004,36,-3070,-509,-509
236.11,16628,-1744,2420,-4374,991,991
236.11,18164,-1504,504,-1213,18,18
235.94,14600,-8,1644,2635,763,763
235.77,19876,-1772,900,-2201,-1800,-1800
236.03,16664,-1508,-1020,-1190,-966,-966
235.86,16408,-520,328,-1410,-1187,-1187
235.86,18088,-1856,836,-1833,-1599,-1599
235.60,15816,-2628,168,-507,-343,-343
235.43,20756,-1012,-44,1018,-1223,-1223
235.69,15188,-1404,724,1707,-588,-588
236.20,17916,-1492,2176,-379,5082,5082
236.03,18320,144,2276,226,-321,-321
236.03,14136,1156,1440,1236,594,594
235.86,19408,-500,2128,-403,-1685,-1685
235.69,14560,-880,1200,-1118,-219,-219
235.86,17460,1356,3032,2751,-413,-413
235.69,18496,-692,2200,1104,245,245
235.94,14740,-1408,1716,-1508,-889,-889
236.20,20384,0,-488,109,-1744,-1744
235.60,14936,-580,552,845,-271,-271
235.77,17432,1024,2224,1150,440,440
235.86,18848,-696,-2020,4576,917,917
236.03,15300,-1124,-572,1968,735,735
235.77,19756,-620,1296,-2807,191,191
235.94,14488,-1092,-616,-1608,-510,-510
236.37,16492,1252,200,1199,-361,-361
236.62,18756,-632,1400,-1869,-705,-705
236.45,15000,-2164,652,-3825,2903,2903
237.39,20008,-152,940,-872,919,919
236.28,16336,-1200,1452,365,-1656,-1656
236.37,16396,-440,2676,-4216,-3125,-3125
236.96,20052,700,-548,1908,-13,-13
237.05,14908,-88,-100,-824,-1386,-1386
237.39,19352,-2408,-24,-3802,490,490
237.56,18308,-244,-852,-3855,-455,-455
240.03,14996,24,304,-3925,-851,-851
241.65,19276,-3296,680,4634,-279,-279
241.14,15500,-1576,-936,-369,-320,-320
238.07,17324,-1188,800,2186,2320,2320
237.22,18516,-1120,632,889,-868,-868
236.62,15756,-656,56,-1176,104,104
235.69,19668,-964,1772,2400,-1389,-1389
236.45,15616,-368,868,4942,493,493
236.45,18452,-1104,1848,444,-417,-417
236.03,18932,-1024,604,2467,-349,-349
235.86,16264,-288,-2192,130,-866,-866
235.86,18960,-940,-744,4172,-316,-316
235.77,15936,156,-336,-1634,522,522
236.11,19772,3084,-1564,5273,-1279,-1279
235.77,15872,1288,-1256,6312,296,296
235.77,15308,772,336,3102,301,301
235.35,18836,0,-48,4260,-965,-965
235.77,16856,120,-1176,4814,-308,-308
235.35,20304,-1308,-2336,31,-2801,-2801
235.52,16580,-440,-1328,3223,1010,1010
236.03,18528,1184,-1688,3034,617,617
235.69,17316,784,-1000,2659,-1556,-1556
235.94,15396,-48,2396,974,1501,1501
235.94,17244,736,-560,4256,3681,3681
236.54,15432,500,2340,4892,-936,-936
235.94,15280,84,-1444,2540,-1815,-1815
235.77,17468,1960,2372,-2548,2667,2667
236.11,15496,520,3156,-5291,-2506,-2506
236.37,15840,2404,3996,-387,-1405,-1405
235.52,16080,1900,1084,891,-447,-447
235.77,17440,2280,1680,-2752,-1366,-1366
236.11,16488,608,1508,-5780,-1888,-1888
235.52,17860,456,2096,-1635,-757,-757
235.26,16684,-204,1948,-10986,802,802
235.69,17932,-1944,2396,-13081,1619,1619
236.54,16508,636,1420,-9486,-1184,-1184
235.86,16912,-112,-320,-6068,306,306
236.20,18380,204,-636,-4235,-656,-656
235.77,16520,356,924,-4153,-2439,-2439
235.94,17820,-1568,152,-1104,1442,1442
236.62,15428,616,268,-712,-1062,-1062
236.20,16804,-292,-1288,-3205,-1419,-1419
236.03,18860,392,-660,-5858,823,823
235.94,17352,-808,-2576,-6420,-118,-118
235.86,18176,-2068,-1584,-6551,1589,1589
236.11,17760,-1780,-384,-896,-55,-55
236.03,17332,-444,820,-1996,-1047,-1047
236.03,17296,-388,-596,1530,525,525
236.03,17744,-1168,-124,-205,-52,-52
236.03,17904,-1264,-1480,-3259,-469,-469
235.77,16852,-1736,-500,-3117,1078,1078
236.37,17600,-1848,148,-5045,211,211
236.37,18920,368,-312,3208,-2009,-2009
236.54,16940,1916,-772,7350,-1052,-1052
236.03,17492,-492,588,4207,-69,-69
236.37,16692,-948,868,1298,-116,-116
236.45,17132,-1332,-1260,2444,-1193,-1193
236.37,17352,40,436,5015,-1334,-1334
236.20,16996,-548,-732,7783,2132,2132
236.54,18284,-676,-112,6784,-472,-472
236.79,16704,-476,160,6435,-1890,-1890
236.37,17056,-1204,-212,6435,479,479
236.03,17376,124,636,5419,-1669,-1669
236.28,16856,1288,1212,6533,993,993
236.54,17912,2276,-2316,22700,46,46
236.28,17076,1216,-632,4961,-754,-754
236.45,16824,408,-1740,4170,3211,3211
236.54,18500,592,388,2911,-910,-910
236.28,15128,-16,-1392,2473,-198,-198
236.37,17780,492,-848,-519,768,768
236.71,17052,624,-360,1171,-498,-498
236.71,17204,544,-1116,3296,1738,1738
236.62,18168,1264,-704,4665,-3449,-3449
236.96,17612,376,-592,4675,532,532
235.35,18632,-468,-2116,-745,198,198
236.03,17756,-1272,-4032,1076,181,181
236.71,18432,2448,-336,19703,-444,-444
236.45,15832,1928,1636,-817,1736,1736
236.28,17560,612,-484,-5725,561,561
236.71,16356,-264,252,2144,-1452,-1452
236.71,18120,-1612,-40,2475,573,573
236.37,17028,-2984,788,-1441,-1537,-1537
235.94,16376,-4380,-1540,-1316,-630,-630
235.86,17992,-3728,-2476,1741,1258,1258
237.05,18804,800,968,11047,1527,1527
236.11,16884,-624,-1436,7359,-308,-308
236.45,17124,328,-2596,1488,917,917
236.28,16428,2412,-1404,4447,-182,-182
235.94,18328,-2448,620,4561,743,743
236.28,17504,-3344,-788,-387,88,88
235.69,17168,-2964,-408,-645,82,82
235.86,17160,-3104,-468,-928,-222,-222
236.37,17084,-1796,56,-4400,-372,-372
236.45,18012,36,-588,-5702,509,509
236.11,17132,-2008,-632,-6342,155,155
236.45,17208,-3784,-1236,-915,-367,-367
236.11,17160,-3536,-2668,616,178,178
236.11,17332,-2236,-424,3891,1831,1831
236.20,17256,-1552,-872,-577,-320,-320
236.20,17672,-1480,-584,-3391,1414,1414
235.86,17204,-1360,-368,-2737,-146,-146
235.86,16996,-2652,132,-5621,1823,1823
235.52,17872,-1548,284,-2425,1026,1026
236.37,17068,-1136,1044,-3629,1207,1207
236.45,16892,-1024,1520,-6506,-1550,-1550
236.11,17780,-60,-696,-5085,2455,2455
236.28,17320,-1324,700,-1759,-1071,-1071
236.11,17352,-1016,-384,-482,-93,-93
236.03,17380,-1264,164,-862,-352,-352
236.45,17528,-628,-52,392,-424,-424
236.28,17092,-1772,296,-2411,-229,-229
236.28,17752,-420,-80,-3004,-71,-71
236.45,17356,-220,-1424,-526,-367,-367
236.45,17456,1116,-2284,8344,-2319,-2319
236.03,17520,1364,-1412,7168,-1188,-1188
236.11,17776,1564,-1716,9141,-196,-196
236.03,17080,-1284,-632,4061,2811,2811
235.94,17508,-1560,-288,-1345,1562,1562
236.20,17576,-3264,812,-1153,1325,1325
236.20,17092,-3640,-388,-2214,-136,-136
236.03,16912,-3772,-1072,-6621,6,6
236.71,17560,-2632,-1768,-3619,-267,-267
236.20,17444,-396,-1848,-1832,888,888
235.69,17552,-396,-1076,-1478,-257,-257
236.37,17408,-632,-2072,-294,1385,1385
236.62,18032,-24,-1540,372,393,393
236.37,17836,604,-1920,6248,-1864,-1864
236.62,16348,-292,104,7431,-349,-349
236.28,17832,-1944,-104,3501,466,466
235.52,16808,-1104,-1412,3847,2031,2031
236.45,17452,-1144,-768,2538,-846,-846
235.60,17588,-224,-1112,2451,-1948,-1948
236.20,18344,-1024,-700,-1563,-358,-358
236.28,17836,-772,-1448,-9150,2192,2192
236.45,17336,-420,252,-8106,576,576
235.94,17172,-988,1360,-7922,2714,2714
236.28,18072,-1560,816,-7591,2304,2304
236.28,17264,-2092,244,-10318,-435,-435
236.20,17724,-1360,160,-16288,-326,-326
235.86,17284,-2068,2876,-9813,1858,1858
236.45,18100,-1224,772,-5024,2522,2522
236.20,16252,-176,-484,-1966,-1586,-1586
236.79,16756,2436,-1192,1022,-2410,-2410
236.71,16292,164,-460,2006,-1195,-1195
236.20,17460,-2092,908,-1605,2161,2161
236.62,18144,-920,48,4441,-1406,-1406
236.54,17676,-1196,-2020,5919,-1174,-1174
236.54,17352,256,-3700,6960,46,46
236.79,17992,-512,-2036,-1411,402,402
236.96,17144,-412,1108,506,-2012,-2012
236.79,17692,-1464,-884,-94,2742,2742
236.45,18568,-2236,-1336,-6419,2101,2101
236.88,16460,-1200,1436,-3826,-735,-735
236.71,17104,-1368,216,-1835,2510,2510
236.96,17236,-1064,-1204,49,-1543,-1543
236.37,17672,-1236,-1232,-214,472,472
236.37,17196,-2188,-376,-1564,-6,-6
236.62,15652,-2856,-980,5450,-142,-142
236.20,19428,-276,716,-4964,-2045,-2045
236.62,18172,-8,-3044,1019,-1575,-1575
236.62,17272,-240,-148,-6780,1772,1772
236.54,17808,-348,-1764,-6570,-930,-930
236.62,16984,144,-1736,-5162,-768,-768
236.45,18280,-1832,-2352,-5723,797,797
235.94,17788,-2300,-2412,-5047,641,641
235.94,17248,-500,-1848,-3366,-32,-32
236.11,18004,-260,-824,-4454,3183,3183
236.03,17868,-1848,-1828,-6737,889,889
236.03,19208,-700,-1076,-5219,144,144
236.11,16956,-1336,-636,-6584,-47,-47
235.86,17336,-1020,80,-6809,2176,2176
236.45,17460,-868,-1212,-3325,-87,-87
236.11,17064,28,-1404,-1006,-1551,-1551
236.03,16652,-376,-476,-1648,738,738
236.20,17896,-152,-988,-6383,527,527
236.03,16424,-872,196,-4860,-669,-669
236.54,17268,-380,644,-2625,647,647
236.45,19176,-1200,-820,-2144,-2913,-2913
236.28,16984,-612,-2332,187,-369,-369
236.20,17384,-172,-984,-3700,280,280
236.79,19676,-1164,-1332,-4698,-267,-267
236.54,17160,-984,-1076,-3155,-2540,-2540
236.11,17308,-1320,-1932,1366,81,81
235.86,19920,-880,-1292,2988,-1427,-1427
236.45,18008,-508,-1576,460,1176,1176
236.71,17416,-2444,-1280,-4436,1727,1727
235.77,18588,1040,-1808,-1100,-1610,-1610
236.11,17768,-1004,-1480,2246,2728,2728
236.28,18232,-616,-240,3604,730,730
236.28,17924,-3060,-516,3822,-536,-536
235.94,17056,-1276,-1656,4583,-2235,-2235
236.54,17012,-1916,2068,-12016,2450,2450
236.03,16328,2980,288,-7957,-2538,-2538
236.03,17192,2244,-772,1166,178,178
236.03,17368,2372,-3756,8854,-1477,-1477
236.45,17156,2732,-3112,-2735,421,421
236.20,16988,516,-1152,-9486,1135,1135
236.20,18128,1888,2104,-2103,108,108
236.37,16308,640,1056,-2030,-295,-295
236.20,17424,1288,68,-6027,-986,-986
236.45,17856,92,764,-1660,-508,-508
236.11,18860,2812,-1012,-4183,-1461,-1461
236.45,17468,2556,-1832,-4618,-1693,-1693
236.54,18040,6520,-3280,-359,-190,-190
236.45,17540,3068,-3472,202,929,929
236.11,17748,4284,-2852,-2478,793,793
236.37,16628,3580,-1892,-693,1135,1135
236.62,16040,3248,252,-2303,-770,-770
236.71,17452,3048,732,2251,2471,2471
236.20,16600,3880,760,4705,-624,-624
236.11,17872,2944,-1888,2328,585,585
235.86,17396,3040,-2596,-577,-431,-431
236.20,17336,4056,-276,-1275,-419,-419
236.37,17172,2688,-1708,3150,92,92
236.62,17800,1988,-1760,-1575,1021,1021
236.20,17160,2184,-1412,-1140,3625,3625
235.94,17372,4324,-1100,1367,-2855,-2855
235.94,17576,2632,-1532,-340,1045,1045
236.11,17416,788,-1472,1431,928,928
236.28,19692,1476,620,-3314,-2135,-2135
236.79,16456,124,24,-6073,-1482,-1482
236.11,17684,1856,316,-6670,-2369,-2369
236.71,17408,2016,280,-9098,24,24
236.88,17040,864,-1988,-14022,-1185,-1185
236.28,17228,2108,-100,-10181,-21,-21
236.54,17592,876,-1448,-6585,85,85
236.28,17812,660,-1708,-5455,-884,-884
236.37,16472,824,-2208,-7003,-397,-397
236.71,18276,-176,56,-4244,717,717
236.54,17048,-1068,116,-940,-1289,-1289
236.71,17032,-280,200,-1388,2580,2580
236.20,17448,-1264,-1076,205,-218,-218
236.45,17772,1292,-1888,327,5273,5273
236.11,16824,828,364,1452,-185,-185
236.20,18044,600,-996,-1314,2333,2333
236.28,17196,156,-704,-311,-240,-240
236.20,17536,-592,28,-1047,-137,-137
236.79,17276,-684,-284,-1181,-278,-278
236.71,17756,-704,-1000,-1049,-1809,-1809
235.52,17664,-772,-548,-358,-37,-37
235.69,17788,-724,72,-127,933,933
235.86,17420,-508,-408,-420,-515,-515
235.94,17524,-188,-652,-154,-52,-52
236.11,17492,-348,-608,-459,-122,-122
236.03,17356,-404,-452,68,-402,-402
236.37,17480,-788,-612,-366,-292,-292
235.43,17556,-740,-476,-299,45,45
235.94,16820,-816,-596,-78,-420,-420
236.37,16684,-652,-312,-13,-466,-466
236.11,16832,-672,-364,-95,188,188
235.77,16660,-540,-444,-103,126,126
235.35,16632,-632,-604,89,58,58
235.35,16596,-632,-912,-294,-42,-42
234.66,16992,-884,-388,-202,32,32
234.07,17380,-724,-244,-161,152,152
234.41,17500,-724,-204,-34,28,28
233.30,17248,-708,-240,-33,7,7
233.39,17300,-700,-532,-99,128,128
232.37,17436,-1080,-320,-125,-353,-353
232.54,17324,-652,-392,-257,-15,-15
231.60,17392,-604,-128,-211,98,98
231.00,17464,-928,-448,-142,9,9
231.09,17380,-1012,-512,-209,-67,-67
230.24,17560,-516,-220,-188,137,137
230.15,17492,-852,-552,-128,-164,-164
229.56,17468,-816,-264,-223,11,11
228.88,17460,-716,-120,-93,-56,-56
228.96,17616,-704,-236,-114,-83,-83
228.70,17512,-1156,-544,129,841,841
227.26,16988,-2280,-172,-827,-273,-273
227.51,17436,-1152,228,559,-109,-109
226.58,18296,-1368,736,-5019,3162,3162
226.49,17432,-2196,1148,-773,470,470
226.32,17180,-1968,1160,152,75,75
226.07,17032,-1916,1448,-261,-89,-89
225.64,17160,-1860,992,526,-2,-2
224.71,17172,-1928,1048,45,-45,-45
224.11,17308,-1964,1044,1,-174,-174
224.62,16924,-1564,1080,619,-378,-378
223.68,17516,-1536,1072,-676,131,131
223.51,17228,-1236,904,-26,981,981
222.32,17164,-1380,1392,-152,87,87
222.24,17596,-1876,1180,185,-208,-208
221.98,16688,-2772,1908,-3286,989,989
220.96,17128,-2356,1320,-332,-50,-50
220.62,17296,-1924,936,-637,-500,-500
220.96,17912,-2024,2200,-1418,37,37
220.11,17896,-2600,1468,487,9,9
220.20,18116,-2836,1128,391,-136,-136
219.43,17668,-2616,1184,878,-163,-163
219.60,18368,-412,1380,4390,959,959
220.03,18508,1812,-500,3597,-976,-976
219.26,17596,-640,-1804,6128,-905,-905
219.18,17728,304,-1872,-1949,401,401
219.52,16200,1620,1224,-17030,278,278
218.67,16840,-1076,-524,1472,-341,-341
219.18,15244,-512,-1600,11465,-852,-852
219.69,18244,-788,764,4835,1550,1550
218.92,18476,-520,676,204,241,241
218.92,16876,-380,1888,-2676,-1190,-1190
219.69,17580,-924,1224,1316,605,605
219.26,16936,-1008,-4,2625,-478,-478
219.69,16368,-1188,-976,473,-3262,-3262
220.03,17468,-1372,-208,-1119,752,752
219.26,17812,-2428,-872,-1428,1,1
220.37,17304,-920,-40,-1310,-202,-202
219.77,17456,-2248,-788,94,212,212
220.28,17072,-1276,-704,-787,2,2
219.86,17796,-1092,376,378,1141,1141
220.79,16952,-1280,396,-345,-311,-311
219.69,17624,-608,940,43,-625,-625
219.94,16652,-1052,-340,-758,363,363
220.20,17148,-908,1220,-783,-605,-605
219.94,17236,-484,284,-1244,541,541
220.11,17532,-440,284,-83,21,21
220.45,17084,-612,-112,-374,-132,-132
220.54,17360,-852,-468,-67,-934,-934
220.28,17644,-984,-884,-1132,508,508
219.86,17592,328,-772,-19,-984,-984
220.28,17552,-864,292,-621,163,163
220.03,17244,-692,80,-364,-243,-243
219.94,17640,-568,-92,-406,-321,-321
219.94,17780,-360,-216,-257,-103,-103
220.28,17408,-772,-120,953,68,68
219.86,18256,-232,676,-765,166,166
219.94,16220,-716,-724,-11585,147,147
219.69,16852,-1480,-408,-6191,2717,2717
220.03,16864,-2644,348,-960,1165,1165
219.52,17000,-2660,1116,-287,1276,1276
219.94,16860,-3928,1700,230,-124,-124
219.52,16716,-4076,1700,868,-380,-380
219.69,17160,900,1428,19456,-5236,-5236
219.69,17700,1064,-692,10883,-738,-738
219.86,17560,672,-2692,2326,-462,-462
219.69,17428,488,-2088,164,474,474
219.43,17444,648,-2064,-680,-3,-3
219.43,17548,452,-2188,2,-213,-213
219.77,17208,876,-1804,154,577,577
219.43,17400,756,-1372,-1430,852,852
219.52,17472,464,-596,-1066,361,361
219.69,17748,716,-80,204,-407,-407
219.09,18392,728,-520,393,-496,-496
219.35,18376,936,-808,-392,-198,-198
219.69,18164,736,-948,-316,-249,-249
220.11,18272,1024,-584,-984,-161,-161
220.28,18228,792,-944,-398,-172,-172
220.62,18228,700,-848,-305,-66,-66
220.28,18040,752,-796,-536,25,25
220.79,17752,500,-1080,-948,-282,-282
221.39,17416,544,-1392,-5796,272,272
221.47,17496,-128,248,-1375,-270,-270
221.39,17456,-408,-172,-681,-579,-579
222.15,17452,-40,-672,-4740,124,124
222.24,17276,904,540,-4843,26,26
222.58,17308,648,-36,-4758,129,129
223.60,17116,872,268,-892,-14,-14
224.11,17304,364,560,-294,-323,-323
223.60,17348,276,-40,820,-330,-330
224.11,17184,340,396,420,-315,-315
224.19,17564,-292,-480,-184,-384,-384
225.05,17132,-116,80,3164,-968,-968
224.96,17592,-400,-636,138,-146,-146
225.90,17416,-596,-384,317,-114,-114
225.81,17848,-772,-736,1161,346,346
225.73,18020,-976,-844,1321,328,328
226.24,17084,-752,-1088,1492,-559,-559
227.09,17288,-1296,-836,891,-302,-302
226.41,17844,-12,-1316,4010,246,246
227.17,17216,148,-2544,6545,-2311,-2311
227.43,16792,756,-3956,2462,-1117,-1117
227.77,17340,532,-3032,-530,-34,-34
227.85,17688,-332,-2884,-929,430,430
228.45,17528,-308,-3492,-347,-84,-84
228.36,17580,-44,-3388,-466,23,23
228.96,17312,-368,-3348,-217,229,229
229.47,16576,-848,-2948,-2548,1231,1231
230.15,18116,724,-988,-8689,-51,-51
230.49,17412,-1132,-1076,-4173,1977,1977
230.66,17372,-1016,-808,1045,1105,1105
231.09,17596,1532,-292,-40,50,50
231.00,17468,48,-1200,-737,227,227
231.51,17472,-172,-836,-449,577,577
232.11,17516,-252,-256,-164,147,147
231.85,17444,-76,-212,-323,-383,-383
232.71,17596,-88,144,-699,69,69
232.88,17300,-592,-276,-1198,534,534
233.05,17616,-108,12,25,-316,-316
233.56,17420,-440,-180,-237,105,105
233.64,17420,-608,-324,-216,61,61
234.41,17648,-548,-344,-166,-125,-125
234.92,16740,-716,-688,-209,-161,-161
234.66,16752,-504,-512,-297,7,7
235.35,16688,-592,-800,-128,-59,-59
235.52,16592,-560,-408,-174,-100,-100
235.52,16456,-624,-560,-53,-101,-101
235.86,17000,-440,112,719,177,177
235.35,16448,-1184,28,90,-370,-370
236.03,16856,-720,-152,-124,-148,-148
235.94,17372,-640,-200,-47,-78,-78
235.94,17388,-836,-448,-146,-182,-182
236.11,17508,-616,-136,-166,-165,-165
236.37,17392,-552,-248,-327,-28,-28
235.43,17388,-488,-252,-199,6,6
235.69,17332,-488,-212,-286,-38,-38
236.28,17308,-644,-420,-234,-238,-238
236.03,17532,-744,-384,-664,-115,-115
236.03,17080,-1036,-644,-1385,-497,-497
235.94,17276,-652,-268,-2175,702,702
236.37,17604,244,-772,-539,-649,-649
236.62,17696,-256,-468,-119,141,141
236.20,17512,-320,-640,-24,135,135
236.37,17464,-116,-660,25,-345,-345
236.45,17380,-192,-512,-549,40,40
236.20,17436,-304,-532,-463,73,73
235.86,16908,-600,492,-3263,-680,-680
235.94,17312,-1896,-248,-5937,-1467,-1467
236.03,18064,1656,-636,-2831,2660,2660
236.71,16788,-220,-36,-8080,4121,4121
236.28,17152,-376,120,-4139,-907,-907
236.37,15844,-2424,2496,-359,65,65
237.05,19324,-556,1808,3952,-3855,-3855
236.71,15700,2704,-3408,19695,-1476,-1476
236.88,18688,2400,-5856,-7777,-4079,-4079
236.71,16996,3520,-6608,-24022,-1670,-1670
236.71,19352,-816,-4664,-6238,4768,4768
236.54,16640,2080,-800,-7886,-347,-347
236.62,15924,3180,1984,-13999,1547,1547
236.71,18516,1220,-1700,-5602,-711,-711
237.05,14316,96,-192,-5254,504,504
237.13,19840,-592,208,-4363,-647,-647
236.96,16984,200,584,-4499,-1240,-1240
236.79,16324,1956,264,1097,1303,1303
237.39,18216,688,1280,-8560,-777,-777
236.71,15508,-1024,2088,-14491,-498,-498
236.71,19992,-460,552,497,-1947,-1947
237.30,16040,-1116,248,433,-2496,-2496
237.82,15692,-2244,2900,-1267,-1213,-1213
237.99,19796,380,-1564,23792,538,538
238.92,14464,1388,-4236,5155,-632,-632
238.16,18772,2608,-2176,-2857,-126,-126
238.07,18492,524,-4680,-861,2238,2238
237.48,15824,-460,-3804,-1909,-796,-796
236.79,21424,708,-3692,-4561,107,107
237.30,17848,-48,-2232,-14681,-264,-264
237.39,15868,-68,-168,-15181,-586,-586
237.48,20692,-1792,560,-772,-631,-631
237.65,16840,-1492,-916,-4483,-66,-66
237.13,16328,488,584,1831,133,133
237.22,19072,-2044,2128,184,-175,-175
236.96,15484,-1568,652,-535,-1588,-1588
235.77,16588,232,932,2417,1780,1780
235.94,18300,-1748,-8,-1315,-1160,-1160
236.28,14660,-2556,-680,-3978,401,401
236.28,17588,-580,148,2713,2529,2529
236.37,18128,-1964,-528,-836,-1079,-1079
236.11,15000,-2276,-444,-1074,-1415,-1415
236.71,18736,-2068,772,1745,-363,-363
236.03,17364,-3592,-2856,-2415,-1216,-1216
236.45,15724,-1496,-2016,-10,-2813,-2813
236.71,16452,-1316,-2824,2396,-938,-938
236.62,20172,-2912,-2724,-1431,-1046,-1046
237.05,15212,-1236,-3068,-862,459,459
236.37,16892,-936,-1992,622,739,739
236.11,18788,-4464,-1024,540,544,544
236.45,15692,-1824,-968,327,2936,2936
236.62,17456,-2648,808,-857,-991,-991
236.11,18036,-3100,-1060,2533,-488,-488
236.62,15484,-2316,1304,-298,975,975
236.37,19892,-676,-1316,8025,-2590,-2590
235.77,17092,768,964,13973,1526,1526
236.62,15132,2864,1184,7712,-778,-778
236.03,19920,3172,-3748,4169,1276,1276
236.45,15732,1216,-1588,1015,381,381
236.71,17416,892,-1268,-9758,-2085,-2085
236.54,19992,2248,-3972,-4314,-1109,-1109
236.88,14868,1496,-3216,4342,1742,1742
236.20,15972,188,-1800,4658,-1382,-1382
236.71,20288,40,-5492,3585,2219,2219
236.03,15756,-528,-2924,2512,-1754,-1754
236.54,18380,2164,-828,3425,1615,1615
236.71,17864,472,1420,4761,3896,3896
236.88,17240,-584,476,2906,-1034,-1034
236.45,17652,-152,-320,-4770,-1149,-1149
236.62,16012,212,132,-3174,1120,1120
236.79,18600,312,-468,1422,-401,-401
236.62,14868,-812,-304,2249,-852,-852
236.79,18448,-980,-224,-3412,762,762
236.45,17500,-640,-1456,-2670,-1558,-1558
235.94,15284,-868,-152,-8176,1145,1145
236.20,20596,-348,1980,-6616,6981,6981
235.86,17612,-836,152,-1735,1850,1850
236.03,17716,-1160,-1824,-128,18,18
235.94,17340,-1128,-668,-169,-62,-62
235.60,17440,-1032,-460,-161,-43,-43
235.86,17476,-1232,-876,-142,-50,-50
235.69,17448,-964,-880,-154,-26,-26
236.11,17684,-1276,-1184,-151,-58,-58
236.03,17252,-1188,-532,-138,-39,-39
236.03,17388,-928,-856,-166,-76,-76
235.69,17212,-1176,-584,-165,-40,-40
236.28,17640,-1272,-1344,-133,-44,-44
235.94,17292,-1080,-804,-119,-82,-82
236.11,17552,-1076,-808,-134,-48,-48
235.60,17780,-1076,-1120,-134,-55,-55
235.77,17296,-1184,-496,-138,-65,-65
236.11,17272,-1124,-460,-184,-86,-86
236.03,17640,-1204,-1420,-166,-42,-42
236.28,17496,-1100,-584,-135,-84,-84
235.69,17544,-1052,-1204,-154,-63,-63
236.03,16696,492,-660,-81,-163,-163
235.69,17344,-68,-988,-185,-194,-194
235.35,17392,-1012,-624,-163,-35,-35
235.86,18724,-1196,-2656,11008,-778,-778
235.77,17412,-920,-960,-732,-149,-149
235.94,17480,-1384,-892,61,-87,-87
236.54,17764,-1780,-1988,-495,313,313
236.20,17540,-852,-1068,29,-42,-42
236.03,17356,-1400,-1092,-145,-33,-33
236.20,17564,-1316,-1076,-165,-82,-82
235.86,17332,-1292,-1216,-161,-63,-63
235.43,17516,-1340,-1068,-173,-15,-15
235.77,17188,-1308,64,-140,0,0
235.01,17448,-1296,-552,-156,-46,-46
235.86,17416,-1332,-1052,-143,-35,-35
236.20,17528,-1320,-928,-150,-49,-49
235.86,17400,-1248,-1000,-178,-60,-60
235.86,17480,-1340,-964,-143,-13,-13
235.43,17356,-1232,-1520,-156,-32,-32
235.43,17444,-1332,-784,-142,-39,-39
236.03,17284,-1320,-916,-177,-99,-99
235.01,17624,-1184,-1440,-146,-57,-57
235.86,17416,-1240,-968,-125,-28,-28
235.69,17464,-1384,-880,-127,-64,-64
236.03,17436,-1224,-680,-162,-71,-71
236.11,17436,-1216,-820,-166,-63,-63
236.37,17516,-1500,-808,-132,-40,-40
234.92,17420,-1208,-1496,-153,-41,-41
235.77,17444,-1516,-884,-163,-31,-31
235.60,17348,-1252,-1084,-157,-13,-13
236.03,17516,-1316,-1204,-158,-63,-63
235.86,17516,-1336,-564,-177,-76,-76
235.26,17424,-1184,-1104,-137,-22,-22
235.43,17508,-1280,-1176,-158,-15,-15
235.69,17368,-1268,-932,-170,-32,-32
236.28,17528,-1436,-864,-157,-79,-79
235.69,17392,-1252,-860,-147,-24,-24
236.03,17704,-1008,-1148,-178,-77,-77
236.28,17560,-1156,-1152,-152,-33,-33
235.60,17592,-1296,-1180,-162,-43,-43
235.69,17412,-1528,-784,-143,-84,-84
235.69,17548,-1264,-1076,-159,-61,-61
235.77,17384,-1360,-852,-156,-103,-103
235.77,17468,-1328,-716,-159,-71,-71
235.77,17468,-1268,-1004,-139,-9,-9
236.11,17572,-1288,-944,-157,-32,-32
235.43,17528,-1396,-1068,-150,-27,-27
235.60,17452,-1456,-720,-151,-39,-39
235.77,17340,-1052,-1312,-163,-56,-56
236.45,17448,-1088,-1336,-141,-64,-64
235.94,17492,-1240,-1144,-162,-9,-9
235.52,17496,-1224,-804,-151,-21,-21
235.77,17436,-1416,-812,-155,-39,-39
236.11,17492,-1332,-788,-167,-37,-37
236.37,17332,-1356,-792,-141,-73,-73
235.77,17512,-1212,-912,-140,-49,-49
235.94,17348,-1368,-852,-170,-61,-61
235.86,17440,-1436,-896,-188,-46,-46
235.52,17480,-1476,-728,-154,-80,-80
235.86,17500,-1572,-828,-158,-86,-86
235.43,17580,-1008,-1228,-164,-35,-35
235.60,17592,-1444,-968,-180,-36,-36
236.28,17392,-1452,-664,-162,-81,-81
235.52,17560,-1464,-784,-180,-47,-47
236.20,17660,-1172,-852,-152,-79,-79
235.26,17528,-1104,-800,-154,-63,-63
235.26,17484,-1212,-1064,-165,-32,-32
235.52,17368,-1232,-912,-155,-38,-38
235.60,17492,-1220,-816,-163,-15,-15
235.69,17516,-896,-1120,-129,-54,-54
235.43,17628,-1104,-1240,-176,-56,-56

